LogLevel=1
#if ParamVersion changed, cocf.fw will be regenerated
ParamVersion=4
FWVersion=707584
PanelCalibration=1
PanelNitsCalibration=1
DualInterpolation=1
ForcePanelIdMatch=1

#PanelName=PanelId, PanelName:be set at dts, PanelId: 0~99:primary panel(default without setting), 100~199: secondary panel

P_3_AB714_dsc_cmd_mode_panel_Vivid=0.684 0.321 0.2661 0.6891 0.1465 0.0565 0.2996 0.3095 0.454545454 0.686 0.322 0.268 0.673 0.152 0.060 0.2996 0.3095 0.454545454 1 0 0 0 0 0 0 0.4761904761  1 1 0 0 0 0 -0.05 -0.07 -0.07 0 0 0 0 0 0 0 0 0 0 0 0 0
P_3_AB714_dsc_cmd_mode_panel_Nature=0.640 0.331 0.3031 0.5991 0.1505 0.0611 0.3120 0.3270 0.4545454545 0.640 0.329 0.308 0.591 0.150 0.058 0.3120 0.3270 0.454545454 1 0 0 0 0 0 0 0.4608294930  1 0 0 0 0 0.04 0.04 0.04 0.04 0 0 0 0 0 0 0 0 0 0 0 0 0
P_3_AB714_dsc_cmd_mode_panel_Cinema=0.683 0.323 0.2671 0.6911 0.1505 0.0611 0.3120 0.3270 0.4545454545 0.684 0.322 0.268 0.665 0.150 0.058 0.3120 0.3270 0.454545454 1 0 0 0 0 0 0 0.4608294930  1 0 0 0 0 0.04 0.04 0.04 0.04 0 0 0 0 0 0 0 0 0 0 0 0 0

P_3_AB714_dsc_cmd_mode_panel_Vivid_100nits=0.684 0.3231 0.2661 0.6891 0.1465 0.0565 0.3005 0.3107 0.4545454545 0.686 0.323 0.265 0.673 0.150 0.0601 0.3005 0.3107 0.454545454 1 0 0 0 0 0 0 0.4672897196 1 1 0 0 0 0  0.02 0.02 -0.14 0 0 0 0 0 0 0 0 0 0 0 0 0
P_3_AB714_dsc_cmd_mode_panel_Nature_100nits=0.640 0.3311 0.3021 0.5961 0.1508 0.0615 0.3125 0.3275 0.4545454545 0.645 0.329 0.308 0.591 0.1508 0.0615 0.3125 0.3275 0.454545454 1 0 0 0 0 0 0 0.4566210045 1 1 0 0 0 0.04 0.04 0.04 0.04 0 0 0 0 0 0 0 0 0 0 0 0 0
P_3_AB714_dsc_cmd_mode_panel_Cinema_100nits=0.683 0.3231 0.2671 0.6881 0.1508 0.0615 0.3125 0.3275 0.4545454545 0.684 0.322 0.268 0.668 0.1508 0.0615 0.3125 0.3275 0.454545454 1 0 0 0 0 0 0 0.4566210045 1 1 0 0 0 0.04 0.04 0.04 0.04 0 0 0 0 0 0 0 0 0 0 0 0 0

P_3_AB714_dsc_cmd_mode_panel_Vivid_2nits=0.694 0.326 0.2671 0.6891 0.1451 0.0541 0.2998 0.3102 0.4545454545 0.693 0.319 0.265 0.672 0.148 0.055 0.2998 0.3102 0.454545454 1 0 0 0 0 0 0 0.465116279 1 1 0 0 0 0.02 0.04 0.06 0.08 0 0 0 0 0 0 0 0 0 0 0 0 0
P_3_AB714_dsc_cmd_mode_panel_Nature_2nits=0.658 0.328 0.3021 0.6031 0.1471 0.0561 0.3120 0.3265 0.4545454545 0.645 0.328 0.302 0.601 0.149 0.050 0.3120 0.3265 0.454545454 1 0 0 0 0 0 0 0.465116279 1 0 0 0 0 0.04 0.04 0.04 0.04 0 0 0 0 0 0 0 0 0 0 0 0 0
P_3_AB714_dsc_cmd_mode_panel_Cinema_2nits=0.694 0.324 0.2671 0.6901 0.1471 0.0561 0.3120 0.3265 0.4545454545 0.692 0.318 0.268 0.672 0.150 0.054 0.3120 0.3265 0.454545454 1 0 0 0 0 0 0 0.465116279 1 0 0 0 0 0.04 0.04 0.04 0.04 0 0 0 0 0 0 0 0 0 0 0 0 0
